Gene	Baseline	Scale1	Mean1	Stdev1	Scale2	Mean2	Stdev2	Scale3	Mean3	Stdev3	AICC	FineAICC	Passes F-Test?
Tet1 	 0.05932203 	 0.1782248 	 0.9083513 	 0.04093462 	 0.4223535 	 0.2464941 	 0.1237632 	 -0.3033307 	 0.3832022 	 0.09442956 	 -157.8178 	 -8084.469 	Poor
PHC1 	 0.4152542 	 0.3514688 	 0.4363272 	 0.07381011 	 0.6775971 	 0.6217943 	 0.1740189 	 -0.4463971 	 0.3053251 	 0.1740189 	 -164.5969 	 -8375.919 	Good
SNAI2 	 0.7288136 	 0.8194895 	 0.5285601 	 0.1740189 	 -0.4875773 	 0.6000171 	 0.1087296 	 -1 	 0.3289613 	 0.1472785 	 -145.972 	 -8624.837 	Poor
FOXD1 	 0.6355932 	 0.8066659 	 0.439368 	 0.09079531 	 -1 	 0.4808932 	 0.1495579 	 -0.3192144 	 0.8723675 	 0.08807545 	 -140.5462 	 -8724.752 	Poor
CD44 	 1 	 -0.2562854 	 0.8756535 	 0.1339173 	 -0.2311214 	 0.8909283 	 0.1291488 	 -0.100498 	 0.2100816 	 0.06510199 	 -168.6218 	 -8066.401 	Poor
GABRB3 	 0.04237288 	 0.2372582 	 0.7465988 	 0.04126653 	 0.5400189 	 0.8890211 	 0.05369514 	 0.1167385 	 0.3418735 	 0.09267514 	 -132.6029 	 -9117.421 	Poor
SOX2 	 0.02542373 	 0.2377746 	 0.3819296 	 0.1740189 	 0.1009311 	 0.8874761 	 0.01112276 	 0.5968059 	 0.7333444 	 0.104282 	 -168.7676 	 -9042.809 	Poor
ZNF281 	 0.8050847 	 1 	 0.5672016 	 0.1740189 	 -0.6326369 	 0.6323935 	 0.1229101 	 -0.1835939 	 0.1274042 	 0.09927183 	 -166.3524 	 -8375.766 	Poor
SP1 	 0.7966102 	 -0.10534 	 0.165115 	 0.1442758 	 1 	 0.4787962 	 0.1155715 	 -0.6890442 	 0.4924342 	 0.08956897 	 -182.5221 	 -9257.594 	Good
LEFTY1 	 0 	 -0.1003401 	 0.9229451 	 0.07990708 	 0.3223512 	 0.3327967 	 0.1285274 	 0.3433285 	 0.6648793 	 0.0561187 	 -178.1281 	 -8943.578 	Good
SET 	 0.9237288 	 -1 	 0.3799813 	 0.1740189 	 0.1501845 	 0.7001275 	 0.09929022 	 0.9269937 	 0.3568858 	 0.121541 	 -209.1139 	 -9607.283 	Poor
CBX7 	 0.03389831 	 0.9390879 	 0.5279439 	 0.1065237 	 -0.8536987 	 0.5423483 	 0.08983357 	 -0.1003516 	 0.4214701 	 0.04533533 	 -258.329 	 -10810.96 	Good
UTF1 	 0.01694915 	 -0.220612 	 0.9874769 	 0.1740189 	 -0.3402429 	 0.9336965 	 0.09993899 	 0.9179317 	 0.4492743 	 0.09462356 	 -101.8097 	 -8358.722 	Poor
CDH2_NCAD 	 0.7627119 	 -0.1580817 	 0.1018468 	 0.07307511 	 0.2976325 	 0.3930605 	 0.05665101 	 -0.1293161 	 0.7896341 	 0.06165474 	 -153.6334 	 -8549.968 	Poor
HNF4A 	 0 	 -0.5883866 	 0.3842028 	 0.07746652 	 -0.3827906 	 0.6592612 	 0.1740189 	 1 	 0.4105312 	 0.1054456 	 -205.6495 	 -9157.493 	Poor
TGFBR2 	 0.9322034 	 -0.6933397 	 0.5203574 	 0.1740189 	 -0.52196 	 0.2880614 	 0.1740189 	 0.5922413 	 0.446264 	 0.07364138 	 -167.4347 	 -7894.118 	Good
DUSP10 	 0.2033898 	 -0.3546903 	 0.3775282 	 0.1740189 	 0.1008442 	 0.8765219 	 0.1272457 	 0.1318429 	 0.4379902 	 0.05555902 	 -203.9958 	 -9597.113 	Good
MYC 	 0.4576271 	 -0.832776 	 0.4450705 	 0.1294291 	 0.236956 	 0.07259517 	 0.05085254 	 0.1567711 	 0.2268395 	 0.0518913 	 -94.03301 	 -8797.161 	Poor
ZFP42_REX1 	 0.008474576 	 0.899207 	 0.6400349 	 0.1099133 	 0.6688676 	 0.487775 	 0.05861186 	 -0.5849674 	 0.4964718 	 0.04642729 	 -184.5687 	 -9528.345 	Poor
TRIM28 	 0.8135593 	 -0.4187656 	 0.5476593 	 0.08069558 	 -0.2084013 	 0.2607841 	 0.1740189 	 0.8131964 	 0.4701432 	 0.1503045 	 -187.2772 	 -9449.754 	Poor
CD48 	 0 	 0.4215758 	 0.4861266 	 0.157605 	 0.1009247 	 0.6478997 	 0.01146623 	 -0.514002 	 0.6391546 	 0.1740189 	 -224.4506 	 -8879.899 	Poor
CDKN1A 	 1 	 -0.1119332 	 0.9484795 	 0.03352101 	 -0.1499434 	 0.2137369 	 0.09092513 	 -0.2872541 	 0.6286578 	 0.08320216 	 -195.12 	 -9008.146 	Good
JMJD3 	 0.2881356 	 0.4708875 	 0.3303614 	 0.09719164 	 -0.394887 	 0.2851502 	 0.1727494 	 -0.100202 	 0.9874769 	 0.1566484 	 -162.3771 	 -6958.999 	Good
RNF2 	 0.6101695 	 0.2554691 	 0.4313759 	 0.07137555 	 -0.5429524 	 0.5963735 	 0.1740189 	 0.6819776 	 0.6676868 	 0.1569968 	 -166.4046 	 -8810.204 	Good
LATS2 	 0.6779661 	 0.4948002 	 0.6162741 	 0.1740189 	 -0.2050684 	 0.155513 	 0.135083 	 -0.1388224 	 0.4865273 	 0.05514403 	 -134.9579 	 -8283.718 	Poor
T 	 0 	 0.2229628 	 0.9874769 	 0.1405795 	 0.1704117 	 0.9874769 	 0.1740189 	 -0.1476103 	 0.9194458 	 0.04872388 	 -313.2491 	 -10926.51 	Good
FGF2 	 0.8220339 	 -0.438539 	 0.577089 	 0.06563511 	 -0.2861256 	 0.1637054 	 0.1148386 	 0.8451055 	 0.6248384 	 0.1740189 	 -131.8301 	 -8632.269 	Poor
LCK 	 0 	 -0.2995245 	 0.7522236 	 0.1178989 	 0.3714352 	 0.5298333 	 0.1541559 	 0.6946836 	 0.9173763 	 0.1003144 	 -181.2654 	 -9000.474 	Poor
KLF5 	 0.3644068 	 -1 	 0.8512831 	 0.10965 	 0.6876516 	 0.804479 	 0.06999005 	 0.4506857 	 0.3180542 	 0.08120416 	 -128.6919 	 -8474.683 	Poor
KLF4 	 0.7372881 	 -0.2518377 	 0.09277846 	 0.1087394 	 0.2149758 	 0.4352327 	 0.1017771 	 -0.5375816 	 0.9874769 	 0.1258648 	 -139.8834 	 -8367.815 	Poor
NACC1 	 0.6355932 	 1 	 0.3820939 	 0.118489 	 -0.7929928 	 0.3885487 	 0.1740189 	 0.1404059 	 0.7849878 	 0.09450351 	 -168.1576 	 -8409.089 	Good
DNMT3L 	 0 	 -0.4487018 	 0.9058913 	 0.05732951 	 0.8242852 	 0.5830375 	 0.1029776 	 -0.1141556 	 0.5007916 	 0.01790478 	 -151.829 	 -9592.975 	Poor
EZH2 	 0.1186441 	 0.4043488 	 0.4548634 	 0.0885614 	 -0.2098503 	 0.742263 	 0.06354782 	 0.8568826 	 0.9874769 	 0.1740189 	 -134.0675 	 -8403.488 	Poor
EED 	 0.1355932 	 -0.1002414 	 0.7794523 	 0.05837285 	 -0.1071633 	 0.8509313 	 0.1679636 	 0.2561037 	 0.5021908 	 0.1740189 	 -163.7468 	 -7456.546 	Poor
SMARCC2 	 0.9830508 	 -0.3508368 	 0.5196645 	 0.0788511 	 0.5470709 	 0.4909447 	 0.1064455 	 -0.1790243 	 0.3351148 	 0.1636853 	 -253.7899 	 -10480.2 	Good
NODAL 	 0.01694915 	 0.7713767 	 0.6820223 	 0.1100843 	 -0.1007011 	 0.7623733 	 0.1537292 	 -0.2604965 	 0.9824481 	 0.07705735 	 -180.0359 	 -8525.081 	Poor
CDH1 	 0.3559322 	 0.429293 	 0.5583567 	 0.1190316 	 0.2873058 	 0.09785367 	 0.08573593 	 -0.1002359 	 0.7149255 	 0.1360774 	 -114.3958 	 -9479.319 	Poor
LEFTY2 	 0.01694915 	 -0.45868 	 0.8566852 	 0.08092163 	 0.2070322 	 0.440936 	 0.05311837 	 0.6322181 	 0.4146547 	 0.1740189 	 -104.4352 	 -8687.951 	Poor
RIF1 	 0.6610169 	 0.1563799 	 0.8485166 	 0.09307601 	 -0.854737 	 0.3760303 	 0.1740189 	 1 	 0.3767341 	 0.1248837 	 -152.0323 	 -8829.576 	Poor
ETV5 	 0.2457627 	 0.8131373 	 0.2457677 	 0.09855815 	 -0.8132632 	 0.2417195 	 0.07721724 	 0.1297499 	 0.7601426 	 0.06009373 	 -162.99 	 -8524.903 	Good
DNMT3B 	 0.1016949 	 0.7855734 	 0.4182959 	 0.1325034 	 0.5340116 	 0.3750569 	 0.1703488 	 -0.4194119 	 0.2820714 	 0.1636654 	 -166.9894 	 -9131.584 	Poor
KDM5A 	 0.6864407 	 -0.1372105 	 0.06454263 	 0.05061024 	 -0.1372984 	 0.9853946 	 0.06062404 	 0.3695716 	 0.6694871 	 0.1740189 	 -161.2726 	 -7721.881 	Good
JARID2 	 0.4491525 	 -0.1000581 	 0.5458761 	 0.04463844 	 0.1477985 	 0.1138952 	 0.081483 	 0.5033425 	 0.4402845 	 0.1482757 	 -164.9154 	 -8845.421 	Good
LOX 	 1 	 -0.8787391 	 0.2618816 	 0.07186858 	 0.4751332 	 0.2516957 	 0.06027937 	 -0.4583444 	 0.5952361 	 0.06741913 	 -177.9813 	 -8294.832 	Good
Sox1 	 0.03389831 	 -0.6826074 	 0.2886548 	 0.1571088 	 -0.1002591 	 0.5645983 	 0.03695775 	 0.7797106 	 0.3189032 	 0.1740189 	 -253.1277 	 -10404.63 	Good
Wnt3 	 0 	 -0.2237116 	 0.8348459 	 0.1668398 	 0.1001655 	 0.7984215 	 0.04305162 	 0.2753689 	 0.6485846 	 0.09626269 	 -240.5309 	 -10138.34 	Good
Gata6 	 0.1355932 	 0.6934738 	 0.4925854 	 0.1740189 	 -0.1007198 	 0.1223194 	 0.171855 	 -0.5952399 	 0.6000854 	 0.1740189 	 -194.1985 	 -8123.71 	Good
DPPA2 	 0 	 0.3313721 	 0.8064966 	 0.0288596 	 -0.6598318 	 0.7840332 	 0.0508983 	 0.7722023 	 0.7579415 	 0.07189869 	 -184.8735 	 -9998.962 	Poor
SALL1 	 0.5677966 	 0.1033335 	 0.1747729 	 0.02291851 	 -0.7192614 	 0.2749261 	 0.145363 	 0.8981629 	 0.3293001 	 0.08796227 	 -129.7183 	 -7822.89 	Poor
NR0B1_DAX1 	 0.01694915 	 0.1000421 	 0.5131716 	 0.09916103 	 -0.4236222 	 0.619246 	 0.1740189 	 0.3568817 	 0.6879417 	 0.1604006 	 -277.0398 	 -10788.16 	Poor
TCF3 	 0.2288136 	 0.617493 	 0.9162237 	 0.108328 	 -0.2665233 	 0.7443303 	 0.09480261 	 0.3552061 	 0.3289437 	 0.1740189 	 -136.8207 	 -7965.502 	Poor
PTPN6 	 0.01694915 	 -0.1002387 	 0.9512286 	 0.06815539 	 0.7754341 	 0.6361736 	 0.1211719 	 -0.3500476 	 0.5941354 	 0.0738437 	 -212.3494 	 -8892.222 	Good
USP16 	 0.7372881 	 -0.349197 	 0.2147681 	 0.1740189 	 0.3459027 	 0.2841817 	 0.1740189 	 0.1003031 	 0.3955759 	 0.01575998 	 -188.1869 	 -8731.78 	Good
SETD1A 	 0.6779661 	 0.1411967 	 0.7987429 	 0.08272615 	 0.2620735 	 0.394513 	 0.04915438 	 -0.100846 	 0.3351729 	 0.06977366 	 -160.1113 	 -8360.814 	Poor
HDAC2 	 0.6864407 	 1 	 0.3658568 	 0.1179452 	 -1 	 0.4524797 	 0.1740189 	 0.2911584 	 0.6983645 	 0.1043252 	 -181.2637 	 -9034.054 	Good
LUM 	 0.9491525 	 -0.5036921 	 0.2632783 	 0.07390909 	 -0.2878724 	 0.6114719 	 0.1740189 	 -0.1467686 	 0.05937631 	 0.05833617 	 -122.5232 	 -9073.568 	Poor
SOX13 	 0.3135593 	 0.3827785 	 0.9874769 	 0.1740189 	 -0.584636 	 0.379747 	 0.1740189 	 1 	 0.3949164 	 0.1057717 	 -160.9358 	 -7937.131 	Good
SMAD4 	 0.7542373 	 -0.6381091 	 0.6078915 	 0.1069735 	 1 	 0.5689527 	 0.1740189 	 -0.1594661 	 0.196364 	 0.1686765 	 -166.1175 	 -8841.665 	Poor
SEMA6A 	 0 	 0.7843495 	 0.4772555 	 0.1740189 	 0.2026648 	 0.4009966 	 0.07361593 	 0.1002073 	 0.9874769 	 0.05863483 	 -166.5165 	 -8092.725 	Poor
GAL 	 0.07627119 	 -0.105377 	 0.9080453 	 0.01107202 	 -0.2647119 	 0.2924552 	 0.05573008 	 1 	 0.3979486 	 0.120318 	 -124.5131 	 -8120.146 	Poor
SALL4 	 0.09322034 	 0.1000365 	 0.9874769 	 0.1740189 	 0.5205475 	 0.294319 	 0.09322903 	 0.3585293 	 0.5321412 	 0.1324524 	 -156.4413 	 -8304.598 	Poor
HESX1 	 0 	 0.2475094 	 0.9351002 	 0.0427194 	 -0.4528795 	 0.1600603 	 0.1659883 	 0.4893103 	 0.167837 	 0.1740189 	 -196.9232 	 -9758.835 	Poor
CCR7 	 0 	 -0.3207874 	 0.58691 	 0.08850421 	 0.2970008 	 0.5951862 	 0.1615759 	 0.1005088 	 0.6175741 	 0.02809505 	 -280.8954 	 -10500.78 	Good
PRDM14 	 0 	 0.2536453 	 0.8941581 	 0.0680263 	 -0.3206505 	 0.8671942 	 0.1121032 	 1 	 0.5535663 	 0.121637 	 -191.3239 	 -9423.089 	Good
COL3A1 	 1 	 -0.1002535 	 0.9234375 	 0.1740189 	 -0.1039305 	 0.2677955 	 0.09890574 	 -0.8457266 	 0.6949877 	 0.1419411 	 -163.6813 	 -9027.591 	Poor
GREM1 	 0.7966102 	 -0.1004855 	 0.3674014 	 0.1740189 	 -0.5749935 	 0.2028465 	 0.1127107 	 -0.1072117 	 0.1881257 	 0.1740189 	 -145.7563 	 -8088.021 	Poor
DVL2 	 0.6016949 	 0.6744743 	 0.5654933 	 0.1740189 	 -0.2305122 	 0.7795219 	 0.1740189 	 -0.1894335 	 0.5868194 	 0.06806852 	 -138.2655 	 -8834.564 	Poor
APOE 	 0.1779661 	 0.3837802 	 0.2238768 	 0.09894861 	 0.5548644 	 0.6130158 	 0.1122478 	 -0.1180353 	 0.2084672 	 0.03988496 	 -188.6229 	 -9163.03 	Good
LRRN1 	 0 	 0.2301896 	 0.5757654 	 0.1335843 	 0.5548325 	 0.9169683 	 0.06232518 	 0.11014 	 0.7786965 	 0.02610489 	 -151.272 	 -9731.409 	Poor
STAT3 	 0.9237288 	 -0.3034183 	 0.2763214 	 0.1740189 	 0.1008826 	 0.6490426 	 0.1740189 	 0.2138995 	 0.3525395 	 0.05244667 	 -178.7744 	 -7382.031 	Poor
OTX2 	 0.04237288 	 -0.8830738 	 0.3988662 	 0.1192448 	 0.7236315 	 0.9285673 	 0.08930234 	 1 	 0.392243 	 0.1740189 	 -136.2185 	 -8959.929 	Poor
CCND1 	 0.9661017 	 0.3626954 	 0.4388126 	 0.07002007 	 0.1262401 	 0.6489772 	 0.1359824 	 -0.5168876 	 0.4330725 	 0.1740189 	 -208.0678 	 -8902.162 	Poor
STEMCCA.P2A 	 0.940678 	 -1 	 0.7492582 	 0.1740189 	 0.2533598 	 0.7775916 	 0.03986286 	 0.4447565 	 0.6360053 	 0.06550581 	 -177.5458 	 -8030.838 	Poor
TET2 	 0.4322034 	 0.103289 	 0.9674208 	 0.01786993 	 -0.6033601 	 0.8207324 	 0.1740189 	 0.139819 	 0.08166896 	 0.05334799 	 -130.8926 	 -8098.955 	Poor
KAT7_Myst 	 0.6186441 	 -0.2181194 	 0.5054422 	 0.1508481 	 0.6914134 	 0.5278339 	 0.1740189 	 -0.100163 	 0.5971417 	 0.03434313 	 -181.0682 	 -8444.691 	Good
TDGF1 	 0.08474576 	 -0.2477814 	 0.4998276 	 0.1504887 	 0.2841038 	 0.2232477 	 0.1098903 	 1 	 0.9447296 	 0.1663052 	 -117.9287 	 -8445.258 	Poor
MASP1 	 0.8389831 	 0.2499554 	 0.7311956 	 0.08571191 	 -0.3121385 	 0.6430607 	 0.1044781 	 -0.6971255 	 0.2055464 	 0.1570584 	 -114.3623 	 -8744.269 	Poor
KDR 	 0 	 -0.1003225 	 0.4199533 	 0.02699271 	 0.5130919 	 0.3828424 	 0.140113 	 0.4879119 	 0.899258 	 0.08445258 	 -183.9262 	 -8780.566 	Good
GDF3 	 0 	 0.7341102 	 0.539188 	 0.1155159 	 -0.1005206 	 0.8611551 	 0.03620356 	 0.2325786 	 0.348949 	 0.094186 	 -165.5813 	 -9020.929 	Poor
NANOG 	 0.1440678 	 -0.1697976 	 0.9817116 	 0.01631825 	 0.2031303 	 0.9834155 	 0.02110066 	 0.8161133 	 0.34005 	 0.1221118 	 -155.1609 	 -8727.15 	Poor
ZIC3 	 0.06779661 	 -0.24073 	 0.3200734 	 0.149506 	 0.7531342 	 0.8252544 	 0.1118949 	 0.2109308 	 0.1716213 	 0.1207643 	 -139.6205 	 -8879.699 	Poor
LIN28A 	 0.1694915 	 0.1005652 	 0.653633 	 0.01090298 	 0.2651982 	 0.2732302 	 0.1499757 	 0.4663358 	 0.803736 	 0.1129757 	 -141.7905 	 -8879.553 	Poor
POU5F1 	 0.1864407 	 0.4203211 	 0.3651523 	 0.09482414 	 0.337533 	 0.4758731 	 0.0771125 	 0.1000039 	 0.8421445 	 0.1740189 	 -155.4713 	 -8205.972 	Poor
